
val grid = Array(
  Array( 1, 2, 3,  4, 5, 6,  7, 8, 9), 
  Array(11,12,13, 14,15,16, 17,18,19), 
  Array(21,22,23, 24,25,26, 27,28,29), 

  Array(31,32,33, 34,35,36, 37,38,39), 
  Array(41,42,43, 44,45,46, 47,48,49), 
  Array(51,52,53, 54,55,56, 57,58,59), 

  Array(61,62,63, 64,65,66, 67,68,69), 
  Array(71,72,73, 74,75,76, 77,78,79), 
  Array(81,82,83, 84,85,86, 87,88,89)
)


val gridWithFields = Array(
  Array(1,2,3, 11,12,13, 21,22,23),
  Array(4,5,6, 14,15,16, 21,22,23),
  Array(7,8,9, 17,18,19, 27,28,29),
  ... 
)

