+---------------+------+------+------+------+------+------+------+-------+
| order_main_id | S36  | S37  | S38  | S39  | S40  | S41  | S42  | total |
+---------------+------+------+------+------+------+------+------+-------+
|            26 |  127 |  247 |  335 |  333 |  223 |  111 |   18 |  1394 | 
|            26 |  323 |  606 |  772 |  765 |  573 |  312 |  154 |  3505 | 
|            38 |   25 |   35 |   35 |   35 |   20 | NULL | NULL |   150 | 
|            38 |   25 |   35 |   35 |   35 |   20 | NULL | NULL |   150 | 
|            39 |   65 |   86 |   86 |   42 |   21 | NULL | NULL |   300 | 
|            39 |   42 |   58 |   58 |   28 |   14 | NULL | NULL |   200 | 
|            35 |   11 |   20 |   21 |   18 |    9 |    2 | NULL |    81 | 
|            35 |   10 |   25 |   30 |   23 |   12 |    1 | NULL |   101 | 
+---------------+------+------+------+------+------+------+------+-------+

order_main_id
+---------------+------+------+------+------+------+------+------+-------+
| order_main_id | S36  | S37  | S38  | S39  | S40  | S41  | S42  | total |
+---------------+------+------+------+------+------+------+------+-------+
|            26 |  127 |  247 |  335 |  333 |  223 |  111 |   18 |  1394 | 
|            26 |  323 |  606 |  772 |  765 |  573 |  312 |  154 |  3505 |
|               |  450 |  853 | 1107 | 1098 |  796 |  423 |  172 |  4899 | 
|            38 |   25 |   35 |   35 |   35 |   20 | NULL | NULL |   150 | 
|            38 |   25 |   35 |   35 |   35 |   20 | NULL | NULL |   150 |
|               |   50 |   70 |   70 |   70 |   40 | NULL | NULL |   300 | 
|            39 |   65 |   86 |   86 |   42 |   21 | NULL | NULL |   300 | 
|            39 |   42 |   58 |   58 |   28 |   14 | NULL | NULL |   200 |
|               |  107 |  144 |  144 |   70 |   35 | NULL | NULL |   500 | 
|            35 |   11 |   20 |   21 |   18 |    9 |    2 | NULL |    81 | 
|            35 |   10 |   25 |   30 |   23 |   12 |    1 | NULL |   101 |
|               |   21 |   45 |   51 |   41 |   21 |    3 | NULL |   182 | 
+---------------+------+------+------+------+------+------+------+-------+

