prop1    prop2    prop3    prop4
--------------------------------
0        0        1        53
0        0        2        55
1        1        1        8
1        1        1        8
1        1        1        8
1        1        1        8
0        0        2        55
0        0        2        55
0        0        1        53

prop1    prop2    prop3    prop4    count
-----------------------------------------
0        0        1        53       1
0        0        2        55       1
1        1        1        8        4
0        0        2        55       2
0        0        1        53       1

