ValuesToReduceId | PartnerId | Value
-------------------------------------
1                | 1         | 53.15
2                | 2         | 601.98
3                | 1         | 91.05
4                | 2         | 44.56
5                | 3         | 19.11

ReserveId | PartnerId | Value
-------------------------------
1         | 1         | -101.55
2         | 2         | -425.19
3         | 3         | -28.17

ValuesToReduceId | PartnerId | Value
-------------------------------------
1                | 1         | 0.00
2                | 2         | 176.79
3                | 1         | 42.65
4                | 2         | 44.56
5                | 3         | 0.00


ReserveId | PartnerId | Value
-------------------------------
1         | 1         | 0.00
2         | 2         | 0.00
3         | 3         | -9.06

