
StudNumber  TeacherNumber
445        57315
445        88584
445        95842
858        88115
858        65443
858        57315
858        21144
858        18657
858        88584
311        64521
665        35512
665        57315
665        15546


StudNum Teacher1    Teacher2    Teacher3    Teacher4    Teacher5    Teacher6
445     57315            88584           95842
858     88115            65443           57315           21144           18657           88584
311     64521
665     35512            57315           15546

