author_id     review_id     question_id     answer_id
88540         99001         1               719
88540         99001         2               720
88540         99001         3               721
88540         99001         4               722
88540         99001         5               723
36414         24336         1               302
36414         24336         2               303
36414         24336         3               304
36414         24336         4               305
36414         24336         5               306

author_id     review_id     1     2     3     4     5
88540         99001         719   720   721   722   723
36414         24336         302   303   304   305   306

