+---+----------+---------+-----------+
|id | match_id | team_id | player_id |
+---+----------+---------+-----------+
| 1 |        9 |      10 |         5 |
| 2 |        9 |      10 |         7 |
| 3 |        9 |      10 |         9 |
| 4 |        9 |      11 |        12 |
| 5 |        9 |      11 |        15 |
| 6 |        9 |      11 |        18 |
+---+----------+---------+-----------+

+---------+-------+------+---------+---------+
| MATCHID | TEAMA | TEAMB| PLAYERA | PLAYERB |
+---------+-------+------+---------+---------+    
|       9 |    10 |   11 |       5 |      12 |
|       9 |    10 |   11 |       7 |      15 |
|       9 |    10 |   11 |       9 |      18 |
+---------+-------+------+---------+---------+

