prefix
------
542
54299
374
37477
37493
37494
37498
37447
37455
3749
37410
297
29756
29759
29766
29769
29796
29799
29773
29774
297600
297622
247
61
61861
61862
61863

significant     prefix
----------------------
542             542
542             54299
374             374
374             37477
374             37493
374             37494
374             37498
374             37447
374             37455
374             3749
374             37410
297             297
297             29756
297             29759
297             29766
297             29769
297             29796
297             29799
297             29773
297             29774
297             297600
297             297622
247             247
61              61
61              61861
61              61862
61              61863

