 number    type serial index
1000001     613      3     1
1000001     613      3     1
1000001     613      3     1
1000001     613      3     1
1000001     613      4     1
1000001     613      3     1

 number    type serial index
1000001     613      3     2
1000001     613      3     3
1000001     613      3     4
1000001     613      3     4
1000001     613      4     2
1000001     613      3     1

output table

 number  index
1000001      3
1000001      4 
1000001      5 
1000001      5 
1000001      3
1000001      2 

