static const unsigned char cycles_table[256] =
{
    /*                       8080's Cycles Table                         */
    /*     0   1   2   3   4   5   6   7   8   9   A   B   C   D   E   F */
    /*0*/  4, 10,  7,  5,  5,  5,  7,  4,  0, 10,  7,  5,  5,  5,  7,  4,
    /*1*/  0, 10,  7,  5,  5,  5,  7,  4,  0, 10,  7,  5,  5,  5,  7,  4,
    /*2*/  0, 10, 16,  5,  5,  5,  7,  4,  0, 10, 16,  5,  5,  5,  7,  4,
    /*3*/  0, 10, 13,  5, 10, 10, 10,  4,  0, 10, 13,  5,  5,  5,  7,  4,
    /*4*/  5,  5,  5,  5,  5,  5,  7,  5,  5,  5,  5,  5,  5,  5,  7,  5,
    /*5*/  5,  5,  5,  5,  5,  5,  7,  5,  5,  5,  5,  5,  5,  5,  7,  5,
    /*6*/  5,  5,  5,  5,  5,  5,  7,  5,  5,  5,  5,  5,  5,  5,  7,  5,
    /*7*/  7,  7,  7,  7,  7,  7,  7,  7,  5,  5,  5,  5,  5,  5,  7,  5,
    /*8*/  4,  4,  4,  4,  4,  4,  7,  4,  4,  4,  4,  4,  4,  4,  7,  4,
    /*9*/  4,  4,  4,  4,  4,  4,  7,  4,  4,  4,  4,  4,  4,  4,  7,  4,
    /*A*/  4,  4,  4,  4,  4,  4,  7,  4,  4,  4,  4,  4,  4,  4,  7,  4,
    /*B*/  4,  4,  4,  4,  4,  4,  7,  4,  4,  4,  4,  4,  4,  4,  7,  4,
    /*C*/  5, 10, 10, 10, 11, 11,  7, 11,  5, 10, 10,  0, 11, 17,  7, 11,
    /*D*/  5, 10, 10, 10, 11, 11,  7, 11,  5,  0, 10, 10, 11,  0,  7, 11,
    /*E*/  5, 10, 10, 18, 11, 11,  7, 11,  5,  5, 10,  4, 11,  0,  7, 11,
    /*F*/  5, 10, 10,  4, 11, 11,  7, 11,  5,  5, 10,  4, 11,  0,  7, 11
};

