 mydata <- data.frame (yvar = rnorm(200, 15, 5), xv1 = rep(1:5, each = 40),
   xv2 = rep(1:10, 20))

table(mydata$xv1, mydata$xv2)


    1 2 3 4 5 6 7 8 9 10
  1 4 4 4 4 4 4 4 4 4  4
  2 4 4 4 4 4 4 4 4 4  4
  3 4 4 4 4 4 4 4 4 4  4
  4 4 4 4 4 4 4 4 4 4  4
  5 4 4 4 4 4 4 4 4 4  4

yvar
 < 10 - group 1
  10-12 - group 2
  12-16 - group 3
  >16 - group 4

    < 10 - group 1

  1 2 3 4 5 6 7 8 9 10
  1 4 4 4 4 4 4 4 4 4  4
  2 4 4 4 4 4 4 4 4 4  4
  3 4 4 4 4 4 4 4 4 4  4
  4 4 4 4 4 4 4 4 4 4  4
  5 4 4 4 4 4 4 4 4 4  4

   10-12 - group 2

 1 2 3 4 5 6 7 8 9 10
  1 4 4 4 4 4 4 4 4 4  4
  2 4 4 4 4 4 4 4 4 4  4
  3 4 4 4 4 4 4 4 4 4  4
  4 4 4 4 4 4 4 4 4 4  4
  5 4 4 4 4 4 4 4 4 4  4

