 s <- interp(x,y,z)

GNUplot
set pm3d map
set hidden3d
y
x
z
1.000000000000e+00  1e-8    0

1.000000000000e+00  5e-8    0

1.000000000000e+00  1e-7    5

1.000000000000e+00  5e-7    0

1.000000000000e+00  1e-6    0

1.000000000000e+00  5e-6    0

1.000000000000e+00  1e-5    0

1.000000000000e+00  5e-5    0

1.000000000000e+00  1e-4    0

1.000000000000e+00  5e-4    0

1.000000000000e+00  1e-3    0

1.000000000000e+00  5e-3    0

1.000000000000e+00  1e-2    0

1.000000000000e+00  5e-2    0

1.000000000000e+00  1e-1    0

1.000000000000e+00  5e-1    0

1.000000000000e+00  1e+1    0

1.000000000000e+00  5e+1    0

1.000000000000e+00  1e+2    0

1.000000000000e+00  5e+2    0

1.000000000000e+00  1e+3    0

1.000000000000e+00  5e+3    0

1.000000000000e+00  1e+4    0

1.000000000000e+00  5e+4    0

1.000000000000e+00  1e+5    0

1.000000000000e+00  5e+5    0

1.000000000000e+00  1e+6    0

1.000000000000e+00  5e+6    0

1.000000000000e+00  1e+7    0

1.000000000000e+00  5e+7    0

1.000000000000e+00  1e+8    0

1.000000000000e+00  5e+8    0

2.000000000000e+00  1e-8    0

2.000000000000e+00  5e-8    0

2.000000000000e+00  1e-7    0

2.000000000000e+00  5e-7    5

2.000000000000e+00  1e-6    0

2.000000000000e+00  5e-6    0

2.000000000000e+00  1e-5    0

2.000000000000e+00  5e-5    0

2.000000000000e+00  1e-4    0

2.000000000000e+00  5e-4    0

2.000000000000e+00  1e-3    0

2.000000000000e+00  5e-3    0

2.000000000000e+00  1e-2    0

2.000000000000e+00  5e-2    0

2.000000000000e+00  1e-1    0

2.000000000000e+00  5e-1    0

2.000000000000e+00  1e+1    0

2.000000000000e+00  5e+1    0

2.000000000000e+00  1e+2    0

2.000000000000e+00  5e+2    0

2.000000000000e+00  1e+3    0

2.000000000000e+00  5e+3    0

2.000000000000e+00  1e+4    0

2.000000000000e+00  5e+4    0

2.000000000000e+00  1e+5    0

2.000000000000e+00  5e+5    0

2.000000000000e+00  1e+6    0

2.000000000000e+00  5e+6    0

2.000000000000e+00  1e+7    0

2.000000000000e+00  5e+7    0

2.000000000000e+00  1e+8    0

2.000000000000e+00  5e+8    0

3.000000000000e+00  1e-8    0

3.000000000000e+00  5e-8    0

3.000000000000e+00  1e-7    0

3.000000000000e+00  5e-7    0

3.000000000000e+00  1e-6    5

3.000000000000e+00  5e-6    0

3.000000000000e+00  1e-5    0

3.000000000000e+00  5e-5    0

3.000000000000e+00  1e-4    0

3.000000000000e+00  5e-4    0

3.000000000000e+00  1e-3    0

3.000000000000e+00  5e-3    0

3.000000000000e+00  1e-2    0

3.000000000000e+00  5e-2    0

3.000000000000e+00  1e-1    0

3.000000000000e+00  5e-1    0

3.000000000000e+00  1e+1    0

3.000000000000e+00  5e+1    0

3.000000000000e+00  1e+2    0

3.000000000000e+00  5e+2    0

3.000000000000e+00  1e+3    0

3.000000000000e+00  5e+3    0

3.000000000000e+00  1e+4    0

3.000000000000e+00  5e+4    0

3.000000000000e+00  1e+5    0

3.000000000000e+00  5e+5    0

3.000000000000e+00  1e+6    0

3.000000000000e+00  5e+6    0

3.000000000000e+00  1e+7    0

3.000000000000e+00  5e+7    0

3.000000000000e+00  1e+8    0

3.000000000000e+00  5e+8    0

4.000000000000e+00  1e-8    0

4.000000000000e+00  5e-8    0

4.000000000000e+00  1e-7    0

4.000000000000e+00  5e-7    0

4.000000000000e+00  1e-6    0

4.000000000000e+00  5e-6    5

4.000000000000e+00  1e-5    0

4.000000000000e+00  5e-5    0

4.000000000000e+00  1e-4    0

4.000000000000e+00  5e-4    0

4.000000000000e+00  1e-3    0

4.000000000000e+00  5e-3    0

4.000000000000e+00  1e-2    0

4.000000000000e+00  5e-2    0

4.000000000000e+00  1e-1    0

4.000000000000e+00  5e-1    0

4.000000000000e+00  1e+1    0

4.000000000000e+00  5e+1    0

4.000000000000e+00  1e+2    0

4.000000000000e+00  5e+2    0

4.000000000000e+00  1e+3    0

4.000000000000e+00  5e+3    0

4.000000000000e+00  1e+4    0

4.000000000000e+00  5e+4    0

4.000000000000e+00  1e+5    0

4.000000000000e+00  5e+5    0

4.000000000000e+00  1e+6    0

4.000000000000e+00  5e+6    0

4.000000000000e+00  1e+7    0

4.000000000000e+00  5e+7    0

4.000000000000e+00  1e+8    0

4.000000000000e+00  5e+8    0

>Traceback:
1: .Fortran("idsfft", as.integer(1), as.integer(ncp), as.integer(n),     as.double(x),  as.double(y), as.double(z), as.integer(nx),     as.integer(ny), x = as.double(xo), y = as.double(yo), z = zo,     integer((31 + ncp) * n + nx * ny), double(5 * n), misso = as.logical(misso),     PACKAGE = "akima")
2: interp.old(x, y, z, xo = xo, yo = yo, ncp = 0, extrap = extrap,     duplicate = duplicate, dupfun = dupfun)
3: interp(x, y, z)

Possible actions:
1: abort (with core dump, if enabled)
2: normal R exit
3: exit R without saving workspace
4: exit R saving workspace

>x <-coso[[1]]

>y <-coso[[2]]

