B
j*B
j
> set.seed(100523); m <- matrix(round(runif(30),2), nrow=6); m
     [,1] [,2] [,3] [,4] [,5]
[1,] 0.47 0.32 0.29 0.54 0.38
[2,] 0.38 0.91 0.76 0.43 0.92
[3,] 0.71 0.32 0.48 0.16 0.85
[4,] 0.88 0.83 0.61 0.95 0.72
[5,] 0.16 0.57 0.70 0.82 0.05
[6,] 0.77 0.03 0.75 0.26 0.05
> offset <- rep(seq_len(5), rep(6, 5)); offset
 [1] 1 1 1 1 1 1 2 2 2 2 2 2 3 3 3 3 3 3 4 4 4 4 4 4 5 5 5 5 5 5
> m <- matrix(sort(m + offset), nrow=nrow(m)) - offset; m
     [,1] [,2] [,3] [,4] [,5]
[1,] 0.16 0.03 0.29 0.16 0.05
[2,] 0.38 0.32 0.48 0.26 0.05
[3,] 0.47 0.32 0.61 0.43 0.38
[4,] 0.71 0.57 0.70 0.54 0.72
[5,] 0.77 0.83 0.75 0.82 0.85
[6,] 0.88 0.91 0.76 0.95 0.92

apply
apply
partial
sort
