    > head(RTsdiff)
      subject   block3diff   block4diff   block5diff   block6diff   block7diff
    1   40002  0.076961798  0.046067460 -0.027012048  0.017920261  0.002660317
    2   40004  0.037558511 -0.016535211 -0.044306743 -0.011541667  0.044422892
    3   40006 -0.017063123 -0.031156150 -0.084003876 -0.070227149 -0.113382784
    4   40008 -0.015204017 -0.009954545 -0.004082353  0.006327839  0.022335271
    5   40009  0.006055829 -0.045376437 -0.002725572  0.016443182  0.032848128
    6   40010 -0.003017857 -0.034398268 -0.034476491  0.014158824 -0.036592982
       block8diff    block9dif
    1  0.03652273  0.037306173
    2 -0.08032784 -0.150682051
    3 -0.09724864 -0.060338684
    4 -0.04783333  0.006539326 
    5 -0.01459465 -0.067916667
    6 -0.01868126 -0.034409584

   Subject     Half1       Half2 
    40002   0.02908531   0.02579269

