> head(Dataset) 
  year month zone       min       max      mean     stddev coeff_var
1 2000     5    1 0.2735742 0.4776645 0.4300383 0.02908890  6.764259
2 2000     5    2 0.2325166 0.4304893 0.3759373 0.02497549  6.643526
3 2000     5    3 0.2747173 0.4729956 0.4295689 0.02320233  5.401307
4 2000     5    4 0.2891487 0.4878779 0.4350567 0.02775799  6.380316
5 2000     5    5 0.2757515 0.4625435 0.4201794 0.02054300  4.889103
6 2000     5    6 0.2338618 0.4670695 0.4003526 0.02451026  6.122170
.    .     .    .         .         .         .          .         .
3025 2010     9   55 0.2901262 0.5364349 0.4868686 0.03559649  7.311314

