first<-matrix(rbinom(20,1,.5),4,5)
first[,1]=c(122,145,186,199)
colnames(first)<-c("ID",901,902,903,904)
first
      ID 901 902 903 904
[1,] 122   1   0   0   0
[2,] 145   0   0   0   1
[3,] 186   0   0   1   1
[4,] 199   1   0   0   0

second<-matrix(rbinom(30,1,.5),6,5)
second[,1]=c(122,133,142,151,186,199)
colnames(second)<-c("ID",901,902,903,904)
second
      ID 901 902 903 904
[1,] 122   0   1   1   1
[2,] 133   0   0   0   1
[3,] 142   1   1   0   1
[4,] 151   0   1   0   0
[5,] 186   1   0   1   1
[6,] 199   1   0   0   0

      ID 901 902 903 904
[1,] 122   1   1   1   1
[2,] 133   0   0   0   1
[3,] 142   1   1   0   1
[4,] 145   0   0   0   1
[5,] 151   0   1   0   0
[6,] 186   1   0   2   2
[7,] 199   2   0   0   0

