R> pippo.m
     [,1] [,2] [,3] [,4]
[1,]    1    2    3    4
[2,]    5    6    7    8
[3,]    9   10   11   12
[4,]   13   14   15   16
[5,]   17   18   19   20
[6,]   21   22   23   24

> pippo.t <- t(pippo.m)

> pippo.vec <- as.vector(pippo.t)

> pippo.arr <- array(pippo.vec,dim=c(4,2,3),dimnames=NULL)

> pippo.arr
 , , 1
     [,1] [,2]
 [1,]    1    5
 [2,]    2    6
 [3,]    3    7
 [4,]    4    8

 , , 2
     [,1] [,2]
[1,]    9   13
[2,]   10   14
[3,]   11   15
[4,]   12   16

, , 3
     [,1] [,2]
[1,]   17   21
[2,]   18   22
[3,]   19   23
[4,]   20   24

pippo.a 
, , 1
     [,1] [,2] [,3] [,4]
[1,]    1    2    3    4
[2,]    5    6    7    8


, , 2
     [,1] [,2] [,3] [,4]
[1,]    9   10   11   12
[2,]   13   14   15   16


, , 3
     [,1] [,2] [,3] [,4]
[1,]   17   18   19   20
[2,]   21   22   23   24

