    Error: ggplot2 doesn't know how to deal with data of class uneval
    Execution halted

library("ggplot2")
ex <- '/home/Data/run1.DOC'
ex2 <- '/home/Data/run2.DOC'
...   
ex<- read.table(ex,header=TRUE)
ex2<- read.table(ex2,header=TRUE)
...
colnames(ex) <- c(1:18)
colnames(ex2) <- c(1:18)
...
Ex <- c(ex$'14')
Ex2 <- c(ex2$'14')
...
ggplot()+
geom_histogram(data = Ex, fill = "red", alpha = 0.2) +
    geom_histogram(data = Ex2, fill = "blue", alpha = 0.2) 

head(ex,10)
        1     2      3     4      5  6   7   8     9  10    11    12
    1  1:28   400   0.42   400   0.42  1   1   2  41.8   0   0.0   0.0
    2  1:96  5599  39.99  5599  39.99 34  42  50 100.0 100 100.0 100.0
    3  1:53   334   0.63   334   0.63  1   2   2  62.1   0   0.0   0.0
    4  1:27  6932  49.51  6932  49.51 48  52  57 100.0 100 100.0 100.0
    5  1:36 27562 124.15 27562 124.15 97 123 157 100.0 100 100.0 100.0
    6  1:14  2340  16.71  2340  16.71 13  17  21 100.0 100 100.0  95.7
    7  1:96  8202  49.71  8202  49.71 23  43  80 100.0 100 100.0 100.0
    8  1:34  3950  28.21  3950  28.21 22  33  36 100.0 100 100.0 100.0
    9  1:60  5563  24.62  5563  24.62 11  24  41 100.0 100  96.5  75.2
    10 1:06  1646   8.11  1646   8.11  7   8  13 100.0 100  87.2  32.0
          13    14    15    16   17   18
    1    0.0   0.0   0.0   0.0  0.0  0.0
    2   93.6  82.9  57.9  24.3  0.0  0.0
    3    0.0   0.0   0.0   0.0  0.0  0.0
    4  100.0  97.1  87.1  57.1  0.0  0.0
    5  100.0 100.0 100.0 100.0 88.3 71.2
    6   40.0   0.0   0.0   0.0  0.0  0.0
    7   81.2  66.7  54.5  47.9 29.1  0.0
    8   76.4  55.7   0.0   0.0  0.0  0.0
    9   57.5  35.4  26.5   4.4  0.0  0.0
    10   0.0   0.0   0.0   0.0  0.0  0.0

