                     Tick spread
2010-02-02 08:00:04   -1
2010-02-02 08:00:04    1
2010-02-02 08:00:04    0
2010-02-02 08:00:04    0
2010-02-02 08:00:04    0
2010-02-02 08:00:04   -1
2010-02-02 08:00:05    1
2010-02-02 08:00:05    1

       Open  Close
[1,]      1  59115
[2,]  59116 119303
[3,] 119304 207300
[4,] 207301 351379
[5,] 351380 426553
[6,] 426554 516742
[7,] 516743 594182
[8,] 594183 683840
[9,] 683841 754962
[10,] 754963 780725

 -3    -2    -1     0     1     2     3 
  1    19  6262 46494  6321    16     2

-2    -1     0     1     2     3     5 
27  5636 48902  5588    33     1     1

