> df
    v1 v2  v3  v4  v5 v6  v7 v8 v9 v10 v11 indx
1  223  0  95 605  95  0   0  0  0 189   0   10
2   32  0   0  32   0 26   0  0  0  32   0    6
3    0  0 127  95  64 32   0  0  0 350   0   10
4  141  0 188   0 361  0   0  0  0 145   0    3
5   32  0 183   0 127  0   0  0  0 246   0    3
6   67  0 562   0   0  0   0  0  0 173   0    3
7   64  0 898   0   6  0   0  0  0   0   0    3
8    0  0  16   0  32  0   0  0  0  55   0   10
9    0  0 165   0   0  0 312  0  0 190   0   10
10   0  0 210   0   0  0 190  0  0  11   0    7

> df
    v1 v2  v3  v4  v5 v6  v7 v8 v9 v10 v11 indx vsel
1  223  0  95 605  95  0   0  0  0 189   0   10  189
2   32  0   0  32   0 26   0  0  0  32   0    6   26
3    0  0 127  95  64 32   0  0  0 350   0   10  350
4  141  0 188   0 361  0   0  0  0 145   0    3  188
5   32  0 183   0 127  0   0  0  0 246   0    3  183
6   67  0 562   0   0  0   0  0  0 173   0    3  562
7   64  0 898   0   6  0   0  0  0   0   0    3  898
8    0  0  16   0  32  0   0  0  0  55   0   10   55
9    0  0 165   0   0  0 312  0  0 190   0   10  190
10   0  0 210   0   0  0 190  0  0  11   0    7  190

df$vsel = NA
for (i in seq(1:nrow(df))   )
{
  r = df[i,]
  ind = r$indx
  df[i,"vsel"] = r[ind]
}

