> expand.grid(5, 5, c(1:4,6),c(1:4,6))
   Var1 Var2 Var3 Var4
1     5    5    1    1
2     5    5    2    1
3     5    5    3    1
4     5    5    4    1
5     5    5    6    1
6     5    5    1    2
7     5    5    2    2
8     5    5    3    2
9     5    5    4    2
10    5    5    6    2
11    5    5    1    3
12    5    5    2    3
13    5    5    3    3
14    5    5    4    3
15    5    5    6    3
16    5    5    1    4
17    5    5    2    4
18    5    5    3    4
19    5    5    4    4
20    5    5    6    4
21    5    5    1    6
22    5    5    2    6
23    5    5    3    6
24    5    5    4    6
25    5    5    6    6

permutations
