2141 0 5328 5180 357 5335 1 5453 5325 5226 7 4880 5486 0 
2650 0 5280 4980 5243 5301 4244 5106 5228 5068 5448 3915 4971 5585 4818 4388 5497 4914 5364 4849 4820 4370
2069 2595 2478 4941 
2627 3319 5192 5106 32 4666 3999 5503 5085 4855 4135 4383 4770 
2005 2117 2803 2722 2281 2248 2580 2697 2897 4417 4094 4722 5138 5004 4551 5758 5468 17361 
1914 1977 2414 100 2711 2171 3041 5561 4870 4281 4691 4461 5298 3849 5166 5578 5520 4634 4836 4905 5105 5089
2539 2326 0 4617 3735 0 5122 5439 5238 1
25 5316 21173 4492 5038 5944 5576 5424 5139 5184 5 5096 4963 2771 2808 2592 2
4963 9428 17152 5467 5202 6038 5094 5221 5469 5079 3753 5080 5141 4097 5173 11338 4693 5273 5283 5110 4503 51
2024 2 2822 5097 5239 5296 4561 

read.table
readlines
scan
con <- file('myfile') 
open(con);
results.list <- list();
current.line <- 1
while (length(line <- readLines(con, n = 1, warn = FALSE)) > 0) {
 results.list[[current.line]] <- as.integer(unlist(strsplit(line, split=" ")))
 current.line <- current.line + 1
} 
close(con)

summary(results.list)
      Length Class  Mode  
 [1,] 1091   -none- numeric
 [2,] 1070   -none- numeric
   ....

