fixedStep chrom=chr7 start=10239 step=1
0.064
0.064
0.064
0.055
0.055
0.089
0.076
fixedStep chrom=chr7 start=10262 step=1
0.076
0.076
0.089
0.076
0.076
0.076
0.076
0.089
0.089
0.076
0.089
0.076
0.089
0.089
fixedStep chrom=chr7 start=10398 step=1
0.076
0.089
0.089
0.089
0.089
0.076

10239 0.064
10240 0.064
10241 0.064
10242 0.055
10243 0.055
10244 0.089
10245 0.076
10262 0.076
10263 0.076
10264 0.089
10265 0.076
10266 0.076
10267 0.076
10268 0.076
10269 0.089
10270 0.089
10271 0.076
10272 0.089
10273 0.076
10274 0.089
10275 0.089
10398 0.076
10399 0.089
10400 0.089
10401 0.089
10402 0.089
10403 0.076

start=value
step=1
fixedStep chrom=chr7 start=10262 step=1
start=new value
step=1
