 0.23675E+01  0.86752E+00  0.28675E+01 -0.36190E+00 -0.36190E+00  0.25381E+01
-0.32571E+00 -0.32571E+00  0.84425E+00  0.25598E+01 -0.37680E+00 -0.37680E+00
 0.53136E+00  0.47822E+00  0.21120E+01 -0.37680E+00 -0.37680E+00  0.53136E+00
 0.47822E+00  0.91200E+00  0.21120E+01

 0.23675E+01  
 0.86752E+00  0.28675E+01 
-0.36190E+00 -0.36190E+00  0.25381E+01
-0.32571E+00 -0.32571E+00  0.84425E+00  0.25598E+01 
-0.37680E+00 -0.37680E+00  0.53136E+00  0.47822E+00  0.21120E+01 
-0.37680E+00 -0.37680E+00  0.53136E+00  0.47822E+00  0.91200E+00  0.21120E+01

scan()
read.table(fill=T)
S <- diag(6)
S[lower.tri(S,diag=T)] <- d

matrix()
byrow=TRUE
