id <-c(1,1,1,1,1,1,1,1,1,1,2,2,2,2,2,2,2,2,2,2,3,3,3,3,3,3,3,3,3,3)   
a <-c(3,1,3,3,1,3,3,3,3,1,3,2,1,2,1,3,3,2,1,1,1,3,1,3,3,3,2,1,1,3)
b <-c(3,2,1,1,1,1,1,1,1,1,1,2,1,3,2,1,1,1,2,1,3,1,2,2,1,3,3,2,3,2)
c <-c(1,3,2,3,2,1,2,3,3,2,2,3,1,2,3,3,3,1,1,2,3,3,1,2,2,3,2,2,3,2)
d <-c(3,3,3,1,3,2,2,1,2,3,2,2,2,1,3,1,2,2,3,2,3,2,3,2,1,1,1,1,1,2)
e <-c(2,3,1,2,1,2,3,3,1,1,2,1,1,3,3,2,1,1,3,3,2,2,3,3,3,2,3,2,1,3)

df <-data.frame(id,a,b,c,d,e)
df

as.numeric(table(df[1:10,2]))

##The results are:
[1] 3 7

as.numeric(table(df[11:20,2]))

##After running the codes the results are: 
[1] 4 3 3

for (z in (2:ncol(df))) assign(paste("df",z,sep="."),df[,z])

