t <- table(as.factor(test.labels), as.factor(nnetpredict))

> table(as.factor(a), as.factor(b))

    1 2 3 4 5 6 7 8 9 10
  1 1 0 0 0 0 0 0 1 0  0
  2 0 1 0 0 0 0 0 0 1  0
  3 0 0 1 0 0 0 0 0 0  1
  4 0 0 0 1 0 0 0 0 0  0
  5 0 0 0 0 1 0 0 0 0  0
  6 0 0 0 0 0 1 0 0 0  0
  7 0 0 0 0 0 0 1 0 0  0

a
b
    1 2 3 4 5 6 7 8 9 10
  1  1 0 0 0 0 0 0 1 0  0
  2  0 1 0 0 0 0 0 0 1  0
  3  0 0 1 0 0 0 0 0 0  1
  4  0 0 0 1 0 0 0 0 0  0
  5  0 0 0 0 1 0 0 0 0  0
  6  0 0 0 0 0 1 0 0 0  0
  7  0 0 0 0 0 0 1 0 0  0
  8  0 0 0 0 0 0 0 0 0  0
  9  0 0 0 0 0 0 0 0 0  0
  10 0 0 0 0 0 0 0 0 0  0

