>head(raw)

 ps cond pass sample stim gsr
1  1    2    0      0    0 100   
2  1    2    0      1    0 100   
3  1    2    0      2    0 100   
4  1    2    0      3    0 100   
5  1    2    0      4    0 100   
6  1    2    0      5    0 100   

      x freq
1  1100    1
2  1101    1
3  1102    1
4  1103    1
5  1104    1
6  1105    1
7  1106    1
8  1107    1
9  1108    1
10 1109    1
11 1110    1
12 1111    1
13 1112    1
14 1113    1
15 1114    1
16 1115    1
17 1116    1
18 1117    1
19 1118    1
20 1119    1

> sort(unique(rle(raw$n.filter)$length))
 40   50  590 1080 1130 1240 1400 1560 1720 1880 2030 2040 2200 2360

> summary(raw$stim)
     0      1      2      3      4      5      6      7      8      9     10     11 
286440   3720   3720   3720   3720   3720   3720   3720   3720   3720   3720   3720 

> summary(raw$stim[raw$ps==1])
   0    1    2    3    4    5    6    7    8    9   10   11 
1540   20   20   20   20   20   20   20   20   20   20   20 

> summary(raw$stim[raw$ps==186])
   0    1    2    3    4    5    6    7    8    9   10   11 
1540   20   20   20   20   20   20   20   20   20   20   20 

