with cube
group by
+------+-----------+---------+---------+
| sum  | source_id | type_id | variety |
+------+-----------+---------+---------+
|  491 |         1 |       1 |       1 |
| 2008 |         1 |       2 |       1 |
|   33 |         1 |       3 |       1 |
|  483 |         1 |       4 |       1 |
|  482 |         1 |       5 |       1 |
|  343 |         1 |       6 |       1 |
| 4979 |         4 |       5 |       1 |
|  303 |         5 |       1 |       1 |
|  443 |         5 |       1 |       2 |
| 1295 |         5 |       2 |       1 |
...

