Rows <- c(1,1,1,1,1,1,1,1,1,
    2,2,2,2,2,2,2,2,2,
    3,3,3,3,3,3,3,3,3,
    4,4,4,4,4,4,4,4,4,
    5,5,5,5,5,5,5,5,5,
    6,6,6,6,6,6,6,6,6,
    7,7,7,7,7,7,7,7,7,
    8,8,8,8,8,8,8,8,8,
    9,9,9,9,9,9,9,9,9)
Columns <- c(1,2,3,4,5,6,7,8,9,
    1,2,3,4,5,6,7,8,9,
    1,2,3,4,5,6,7,8,9,
    1,2,3,4,5,6,7,8,9,
    1,2,3,4,5,6,7,8,9,
    1,2,3,4,5,6,7,8,9,
    1,2,3,4,5,6,7,8,9,
    1,2,3,4,5,6,7,8,9,
    1,2,3,4,5,6,7,8,9)
Data <- c(1:81)

Dataset <- cbind(Rows,Columns)
Dataset <- cbind(Dataset,Data)

       Rows Columns Data
[1,]    1       1    1
[2,]    1       2    2
[3,]    1       3    3
[4,]    1       4    4
[5,]    1       5    5
[6,]    1       6    6

       [,1][,2][,3][,4][,5][,6][,7][,8][,9]
[1,]    1   2   3   4   5   6   7   8   9
[2,]    10  11  12  13  14  15  16  17  18
[3,]    19  20  21  22  23  24  25  26  27
[4,]    28  29  30  31  32  33  34  35  36
[5,]    37  38  39  40  41  42  43  44  45
[6,]    46  47  48  49  50  51  52  53  54
[7,]    55  56  57  58  59  60  61  62  63
[8,]    64  65  66  67  68  69  70  71  72
[9,]    73  74  75  76  77  78  79  80  81

