  12000.0000       77.17   59.09    0.17        1.82   59.09   32.4564
   6000.0000       77.52   32.68    0.11        1.83   32.68   17.8731
   3000.0000       77.80   18.98    0.12        1.83   18.98   10.3449
   1500.0000       77.99   11.23    0.12        1.84   11.23    6.1084
    750.0000       78.13    6.93    0.15        1.84    6.93    3.7636
    375.0000       78.21    4.53    0.28        1.84    4.53    2.4552
    187.5000       78.27    3.37    0.51        1.85    3.37    1.8253
     93.7500       78.36    2.84    0.99        1.85    2.84    1.5387
     46.8750       78.48    2.04    1.37        1.85    2.04    1.1049
     23.4375       78.53    0.98    0.17        1.85    0.98    0.5291
     11.7188       78.52   -0.23    0.15        1.85   -0.23   -0.1242
      5.8594       78.48   -0.74    0.08        1.85   -0.74   -0.3973
      2.9297       78.44   -0.83    0.03        1.85   -0.83   -0.4499
      1.4648       78.43   -1.49    0.06        1.85   -1.49   -0.8059
      0.7324       78.40   -3.20    0.15        1.85   -3.20   -1.7297
      0.3662       78.24   -5.33    0.04        1.85   -5.33   -2.8879
      0.1831       77.94   -6.84    0.07        1.84   -6.84   -3.7212
      0.0916       77.71   -5.76    0.08        1.83   -5.76   -3.1449
      0.0458       77.35   -3.57    0.11        1.82   -3.57   -1.9588
      0.0229       77.44   -0.88    0.13        1.83   -0.88   -0.4810
      0.0114       77.31    0.72    0.23        1.82    0.72    0.3928
      0.0057       77.59    1.63    0.51        1.83    1.63    0.8929
      0.0029       77.61    0.34    2.65        1.83    0.34    0.1841

