R_338   4
R_341   1
R_471   1
R_491   4
R_494   1
R_642   0
M_218   5
M_222   5
M_292   0
p_185   5
p_187   5
A_308   0
A_473   1

R_338   4   5   6   7   8   9   10  11
R_341   1   1   1   1   1   1   1   1
R_471   1   1   0   1   1   1   2   1
R_491   4   4   4   4   4   4   2   0
R_494   1   1   1   1   1   1   1   1
R_642   0   1   0   9   1   1   2   1
M_218   5   5   5   9   5   5   5   9
M_222   5   5   5   5   5   5   5   5
M_292   0   5   1   1   1   1   1   1
p_185   5   5   5   6   5   5   5   5
p_187   5   9   5   5   5   5   3   5
A_308   0   4   4   4   2   4   4   4
A_473   1   1   1   1   0   1   1   0

