> z
 [1]          NA          NA          NA -1.64801942 -0.57209233  0.65137286  0.13324344 -2.28339326
 [9]  1.29968050  0.10420776  0.54140323  0.64418164 -1.00949072 -1.16504423  1.33588892  1.63253646
[17]  2.41181291  0.38499825 -0.04869589  0.04798073

> z
 [1]          NA          NA          NA          NA          NA          NA  0.13324344 -2.28339326
 [9]  1.29968050  0.10420776  0.54140323  0.64418164 -1.00949072 -1.16504423  1.33588892  1.63253646
[17]  2.41181291  0.38499825 -0.04869589  0.04798073

