            [,1]        [,2]
 [1,]  0.6618725 -0.04065907
 [2,]  0.4646620  0.09859806
 [3,]  0.9388307  0.05681554
 [4,]  1.1809942  0.12906415
 [5,]  1.5476428  0.49644973
 [6,] -0.1855485  0.30445869
 [7,]  0.4525888  0.49559198
 [8,] -0.4004534 -0.06419374
 [9,] -1.0669191  0.17292748
[10,] -0.9372038  0.02601539
[11,]  0.5617849 -5.21857716
[12,] -0.9370099 -0.05539107
[13,]  0.6803453  0.21223368
[14,]  1.3040601  0.47598799

            [,1]       [,2]
 [1,] -0.1958772  0.3012428
 [2,]  0.5115807  0.4142237
 [3,] -0.6585965  0.2623573
 [4,]  0.4680863 -1.4964873
 [5,] -1.2431780  0.2383014
 [6,] -2.3507773  0.0954886
 [7,] -0.5547284 -2.1393520
 [8,]  0.1314092  0.3408999
 [9,]  0.7592055 -0.8161825
[10,]  0.8247861  0.5152814
[11,] -1.8667328  0.1344475
[12,] -0.4825223 -4.0975561

     [,1] [,2] [,3] [,4] [,5] [,6] [,7] [,8] [,9] [,10] [,11] [,12] [,13]
 [1,]    1    1    1    1    1    1    1    1    1     1     0     1     1
 [2,]    1    1    1    1    1    1    1    1    1     1     0     1     1
 [3,]    1    1    1    1    1    1    1    1    1     1     0     1     1
 [4,]    1    1    1    1    1    1    1    1    1     1     1     1     1
 [5,]    1    1    1    1    0    1    1    1    1     1     0     1     1
 [6,]    0    0    0    0    0    0    0    0    1     1     0     1     0
 [7,]    1    1    1    1    1    1    1    1    1     1     1     1     1
 [8,]    1    1    1    1    1    1    1    1    1     1     0     1     1
 [9,]    1    1    1    1    1    1    1    1    1     1     1     1     1
[10,]    1    1    1    1    1    1    1    1    1     1     0     1     1
[11,]    0    0    0    0    0    1    0    1    1     1     0     1     0
[12,]    1    1    1    1    1    1    1    1    1     1     1     1     1

g <- ggplot() + layer(data=data.frame(clUrd), mapping=aes(x=clUrd[,1], y=clUrd[,2]), geom = "point", stat="identity", size = I(1), alpha = I(0.2))

for (i in 1:13){ # Draw the lines between middlepoints and infrastructures
    for (j in 1:maxcl){
        if (active[j,i]==1){
          g <- g + geom_segment(aes(x=clVrd[i,1], y=clVrd[i,2], xend=mid[j,1], yend=mid[j,2]), color='grey')
        }
    }
}

$layers[[132]]
mapping: x = clVrd[i, 1], y = clVrd[i, 2], xend = mid[j, 1], yend = mid[j, 2] 
geom_segment: colour = grey 
stat_identity:  
position_identity: (width = NULL, height = NULL)

