> N   = 100
> V   = vector(length = 100)
> for(L in 1:N){
+     z = sample(N, L, replace = TRUE)
+     V[L]    = object.size(z)
+ }
> 
> options('width'=88)
> V
  [1]  48  48  56  56  72  72  72  72  88  88  88  88 104 104 104 104 168 168 168 168
 [21] 168 168 168 168 168 168 168 168 168 168 168 168 176 176 184 184 192 192 200 200
 [41] 208 208 216 216 224 224 232 232 240 240 248 248 256 256 264 264 272 272 280 280
 [61] 288 288 296 296 304 304 312 312 320 320 328 328 336 336 344 344 352 352 360 360
 [81] 368 368 376 376 384 384 392 392 400 400 408 408 416 416 424 424 432 432 440 440

152
