>A
[[1]]
        [,1] [,2] [,3] [,4] [,5] [,6] [,7] [,8] [,9] [,10]
   [1,]    1    1    1    1    1    1    1    1    1     1
   [2,]    1    1    1    1    1    1    1    1    1     1
   [3,]    1    1    1    1    1    1    1    1    1     1
   [4,]    1    1    1    1    1    1    1    1    1     1
   [5,]    1    1    1    1    1    1    1    1    1     1

[[2]]
       [,1] [,2] [,3] [,4] [,5] [,6] [,7] [,8] [,9] [,10]
 [1,]    2    2    2    2    2    2    2    2    2     2
 [2,]    2    2    2    2    2    2    2    2    2     2
 [3,]    2    2    2    2    2    2    2    2    2     2
 [4,]    2    2    2    2    2    2    2    2    2     2
 [5,]    2    2    2    2    2    2    2    2    2     2

Reduce("+",A)/length(A)

Reduce()
