sapply
$by.self
                        self.time self.pct total.time total.pct
"apply"                      5.18    28.68      18.06    100.00
"FUN"                        5.08    28.13      18.06    100.00
"-"                          1.22     6.76       1.22      6.76
"sum"                        1.08     5.98       1.08      5.98
"^"                          0.70     3.88       0.70      3.88
"lapply"                     0.58     3.21      18.06    100.00
"[.data.frame"               0.48     2.66       1.06      5.87
"sqrt"                       0.42     2.33       0.42      2.33
"data.frame"                 0.26     1.44       1.60      8.86
"unlist"                     0.24     1.33       0.90      4.98
"!"                          0.22     1.22       0.22      1.22
"is.null"                    0.22     1.22       0.22      1.22
"pmatch"                     0.18     1.00       0.18      1.00
"match"                      0.14     0.78       0.46      2.55

apply
