$x

[,1] [,2] [,3] [,4] [,5] [,6] [,7] [,8] [,9] [,10] [,11] [,12] [,13] [,14] [,15] [,16] 
[1,]    1    1    1    1    1    1    1    1    1     1     1     1     1     1     1     
[2,]    1    1    1    0    0    0    0    0    0     0     0     0     0     0     0     
[3,]    0    0    0    0    0    0    0    1    1     1     1     0     0     0     0     
[4,]    1    1    1    1    1    1    1    1    0     0     0     0     0     0     0

abs()
[,1] [,2] [,3] [,4] [,5] [,6] [,7] [,8] [,9] [,10] [,11] [,12] [,13] [,14] [,15] [,16] 
[1,]    0    0    0    0    0    0    0    0    0     0     0     0     0     0     0     
[2,]    0    0    0    1    1    1    1    1    1     1     1     1     1     1     1     
[3,]    0    0    0    0    0    0    0    1    1     1     1     0     0     0     0     
[4,]    0    0    0    0    0    0    0    0    1     1     1     1     1     1     1

apply
abs(apply(x,1,diff, lag=15))
[1] 0 -1 0 -1

sapply
