AA01.AVG_Beta AA02.AVG_Beta AA03.AVG_Beta AA04.AVG_Beta AA05.AVG_Beta
1     0.15851770    0.44264830    0.46662180    0.79579230   0.555430100
2     0.87148450    0.93462340    0.92591830    0.93812860   0.942683400
3     0.60907060    0.92463760    0.62698660    0.86852790   0.457659300
4     0.10728340    0.07848221    0.06340047    0.08589865   0.118239800
5     0.72353630    0.91198210    0.87339600    0.88050440   0.902925300
6     0.52616050    0.57114700    0.29431990    0.56032260   0.530103800
7     0.50321330    0.78129660    0.26986880    0.77825860   0.924097500
8     0.47808630    0.11267250    0.30519660    0.36128510   0.741012600
9     0.17698960    0.11461960    0.57776080    0.37801670   0.465766500
10    0.01268375    0.01370702    0.01194124    0.01227029   0.009222724

apply(table, 2, function(x) ifelse (x>0 & x< 0.2, "AA",ifelse(x>0.4 & x<0.6,"AB",
+ "BB"))  )

AA01.AVG_Beta AA02.AVG_Beta AA03.AVG_Beta AA04.AVG_Beta AA05.AVG_Beta
[1,] "AA"          NA            NA            NA            NA           
[2,] "BB"          NA            NA            NA            NA           
[3,] "BB"          NA            NA            NA            NA           
[4,] "AA"          NA            NA            NA            NA           
[5,] "BB"          NA            NA            NA            NA           
[6,] "AB"          NA            NA            NA            NA           
[7,] "AB"          NA            NA            NA            NA           
[8,] "AB"          NA            NA            NA            NA           
[9,] "AA"          NA            NA            NA            NA           
[10,] "AA"          NA            NA            NA            NA 

