ev<-c(0, 0, 0, 0, 0, 0, 0, 0, 0, 0, 0, 0, 0, 0, 0, 0, 0, 0, 0, 0, 
0, 0, 0, 0, 0, 0, 0, 0, 0, 0, 0, 0, 0, 0, 0, 0, 0, 0, 0, 0, 0, 
0, 0, 0, 0, 0, 0, 0, 0, 0, 0, 0, 0, 0, 0, 0, 0, 0, 0, 0, 0, 0, 
0, 0, 0, 0, 0, 0, 0, 0, 0, 0, 0, 0, 0, 0, 0, 0, 0, 0, 0, 0, 0, 
0, 0, 0, 0, 0, 0, 0, 0, 0, 0, 0, 0, 0, 0, 0, 0, 0, 0, 0, 0, 0, 
0, 0, 0, 0, 0, 0, 0, 0, 0, 0, 0, 0, 0, 0, 0, 0, 0, 0, 0, 0, 0, 
0, 0, 0, 0, 0, 0, 0, 0, 0, 0, 0, 0, 0, 0, 0, 0, 0, 0, 0, 0, 0, 
0, 0, 0, 0, 0, 0, 0, 0, 0, 0, 0, 0, 0, 0, 0, 0, 0, 0, 0, 0, 0, 
0, 0, 0, 0, 0, 0, 0, 0, 0, 0, 0, 0, 0, 0, 0, 0, 0, 0, 0, 0, 0, 
0, 0, 0, 0, 0, 2.7, 0, 0, 0, 0, 0, 0, 0, 0, 0, 0, 0, 0, 0, 0, 
0, 0, 0, 0, 0, 0, 0, 0, 0, 0, 0, 0, 0, 0, 0, 0, 0, 0, 3.27, 0, 
0, 0, 0, 0, 0, 0, 0, 0, 0, 0, 0, 0, 0, 0, 0, 370.33, 1375.4, 
1394.03, 1423.8, 1360, 1269.77, 1378.8, 1350.37, 1425.97, 1423.6, 
1363.4, 1369.87, 1365.5, 1294.97, 1362.27, 1117.67, 1026.97, 
1077.4, 1356.83, 565.23, 0, 0, 0, 0, 0, 0, 0, 0, 0, 0, 0, 0, 
0, 0, 0, 0, 0, 0, 0, 0, 0, 0, 0, 0, 0, 0, 0, 0, 0, 0, 356.83, 
973.5, 0, 240.43, 1232.07, 1440, 1329.67, 1096.87, 1331.37, 1305.03, 
1328.03, 1246.03, 1182.3, 1054.53, 723.03, 1171.53, 1263.17, 
1200.37, 1054.8, 971.4, 936.4, 968.57, 897.93, 1099.87, 876.43, 
1095.47, 1132, 774.4, 1075.13, 982.57, 947.33, 1096.97, 929.83, 
1246.9, 1398.2, 1063.83, 1223.73, 1174.37, 1248.5, 1171.63, 1280.57, 
1183.33, 1016.23, 1082.1, 795.37, 900.83, 1159.2, 992.5, 967.3, 
1440, 804.13, 418.17, 559.57, 563.87, 562.97, 1113.1, 954.87, 
883.8, 1207.1, 1046.83, 995.77, 803.93, 1036.63, 946.9, 887.33, 
727.97, 733.93, 979.2, 1176.8, 1241.3, 1435.6)

j<-c(1, 2, 3, 5, 7, 9, 2)
3
