kNN,               kMeans,           expected
1.1048387096774193,2.019927536231884,0.0
1.521505376344086,2.0120481927710845,0.0
1.271505376344086,2.019927536231884,0.0
2.020833333333333,2.019927536231884,0.0
0.7708333333333334,2.019927536231884,0.0
4.020408163265306,2.0120481927710845,0.0
0.6210526315789474,2.019927536231884,0.0
0.7708333333333334,2.019927536231884,0.0
3.354166666666667,2.019927536231884,0.0
2.020833333333333,2.019927536231884,1.0
1.450310559006211,2.0120481927710845,0.0
0.8719780219780221,2.019927536231884,-1.0
4.020408163265306,2.019927536231884,-1.0
3.520618556701031,2.019927536231884,1.0
1.521505376344086,2.019927536231884,0.0

expected
kNN
kMeans
