      Line_ID  LEFT_ID  RIGHT_ID     Lenght
[1,]        1        5         1  31.648135
[2,]        2       15         2  38.229177
[3,]        3        9        65   2.707813
[4,]        4        5         4   2.139000
[5,]        5        1      1279   1.660400
[6,]        6        6         1  25.000000

      Cell_Id N_1_Id N_2_Id N_3_Id N_4_Id N_5_Id N_6_Id N_7_Id N_8_Id   
[1,]        1     31      6      2     -1     -1     -1     -1     -1
[2,]        2      1     67      7      3     -1     -1     -1     -1
[3,]        3      2     43      8      4      7      6     -1     -1
[4,]        4      3      9     75     -1     -1     -1     -1     -1
[5,]        5     44     11      6     -1     -1     -1     -1     -1

     Cell_Id Owner Variable_1 Variable_2 Variable_3
[1,]  1       22      1.77579        565        399
[2,]  2       22    284.08909        427        228
[3,]  3       22    367.90390        464        269
[4,]  4       22      0.01670        231         67
[5,]  5       22     33.89463        241         73
[6,]  6       22    422.15516        620        481

