    240 245 250 ... 300 305 310 ... 455
300   1   1   1 ...   0   1   1 ...   1
300.5 1   1   1 ...   1   1   1 ...   1
...
305   1   1   1 ...   1   0   1 ...   1
...
310   1   1   1 ...   1   1   0 ...   1
...
480   0   1   1 ... 
...  
600   1   1   1 ...   0   1   1 ...
600.5 ...

corrected_EEM_Intensity <- Mask.Matrix * Sample_EEM

        240  245 ... 455
300   202.7  ...
300.5 190.5  ... 
...   ....   ...
600    82.4  ...
600.5  45.9  ...

    240  ... 400 ... 455
300   1
300.5 1  ...   1 ...   1
...   1    1   1   1   1
...
390   1    1   0   1   1
...   1    1   0   1   1
400   1    1   0   1   1
...
600
600.5 1    1   1   1   1

