  MemberID    SopLos    DIH
1     54         0       1
2     55         1       2
3     56         2       3  
4     67         0       5
5     55         1       1
6     54         0       1
7     55         1       2
8     56         2       3  
9     67         0       5
10    55         1       1

  MemberID    SopLos    DIH
1     54         0       1
2     54         0       1
3     55         1       1
4     55         1       2
5     55         1       1
6     55         1       2
7     56         2       3  
8     56         2       3  
9     67         0       5
10    67         0       5

 MemberID    SopLos    DIH
1     54         0       2
2     55         4       6  
3     56         4       6  
4     67         0       10

