   Algeria.x Algeria.y Argentina.x Argentina.y
1       1985     37.48        1985       27.86
2       1986     36.26        1986       27.52
3       1987     35.04        1987       27.18
4       1988     33.82        1988       26.84
5       1989     32.60        1989       26.50
6       1990        NA        1990       25.50
7       1991        NA        1991       24.50
8       1992        NA        1992       23.50
9       1993        NA        1993       22.50
10      1994        NA        1994       21.50
11      1995        NA        1995       22.12
12      1996        NA        1996       22.74
13      1997        NA        1997       23.36
14      1998        NA        1998       23.98
15      1999        NA        1999       24.60
16      2000        NA        2000          NA

