sector        Mean          Sigma 
345-15:        3.12         0.49
15-45:         3.16         0.52
45-75:         3.10         0.45
...

table(vel_bins,dir_bins)
> vel_dir_table
           vel_bins
dir_bins    (0,5] (5,10] (10,15] (15,20] (20,25] (25,30]

  (0,22.5]   1956   1122     196       3       0       0

  (22.5,45]  2435   2628     618      62       2       0

  (45,67.5]  2800   7196    6744     422       5       0

  (67.5,90]  2970   5806    3422      16       0       0

  (90,112]   2908   2156     381       0       0       0

  (112,135]  2031   1221      55       0       0       0

  (135,158]  1990   1271     172       8       0       0

  (158,180]  1966   1397     274      10       1       0

  (180,202]  2272   1509     623      57      13       3

  (202,225]  2423   2611    2022     407      26       9

  (225,248]  3605   4963    1782     451      64      16

  (248,270]  2889   6480    2804     289      21       9

  (270,292]  2113   3610    2117     126      11       6

  (292,315]  1811   2268     996     102      14       0

  (315,338]  2022   1900    1044      69      28       0

  (338,360]  1769   1150     258       4       0       0

