[[..],[..],..]
M
M
L
a. [[1, 2, 4, 8], [1, 2, 4, 5, 6], [1, 2, 3], [2, 3, 21], [1, 2, 3, 4], [1, 2, 3, 4, 5, 6, 7]]
b. [[2, 16, 17], [1, 2, 3, 4, 5, 6, 7], [1], [1, 2, 3, 4], [1, 2], [17, 18, 19, 22, 41, 48], [2, 3], [1, 2, 3], [50, 69], [1, 2, 3], [2, 3, 21], [1, 2, 3], [1, 2, 4, 8], [1, 2, 4, 5, 6]]

a. [[1, 2, 4, 8], [2, 3, 21], [1, 2, 3, 4, 5, 6, 7]]
b. [[2, 16, 17], [1, 2, 3, 4, 5, 6, 7], [17, 18, 19, 22, 41, 48], [50, 69],  [2, 3, 21], [1, 2, 4, 8], [1, 2, 4, 5, 6]]

L = [[1, 2, 3, 4, 5, 6, 7], [1, 2, 5, 6]]
L = [[1, 2, 3, 4, 5, 6, 7],
[1, 2, 3]
[1, 2, 4, 8]]
L = [[1, 2, 3, 4, 5, 6, 7], [7, 6, 5, 4, 3, 2, 1]]
