>>> for i in range(0,1000):
...     datetime.datetime.now()
...
datetime.datetime(2008, 10, 1, 13, 17, 27, 562000)
datetime.datetime(2008, 10, 1, 13, 17, 27, 562000)
datetime.datetime(2008, 10, 1, 13, 17, 27, 562000)
datetime.datetime(2008, 10, 1, 13, 17, 27, 562000)
datetime.datetime(2008, 10, 1, 13, 17, 27, 578000)
datetime.datetime(2008, 10, 1, 13, 17, 27, 578000)
datetime.datetime(2008, 10, 1, 13, 17, 27, 578000)
datetime.datetime(2008, 10, 1, 13, 17, 27, 578000)
datetime.datetime(2008, 10, 1, 13, 17, 27, 578000)
datetime.datetime(2008, 10, 1, 13, 17, 27, 609000)
datetime.datetime(2008, 10, 1, 13, 17, 27, 609000)
datetime.datetime(2008, 10, 1, 13, 17, 27, 609000)
etc.

uSecs    difference
562000  
578000  16000
609000  31000
625000  16000
640000  15000
656000  16000
687000  31000
703000  16000
718000  15000
750000  32000
765000  15000
781000  16000
796000  15000
828000  32000
843000  15000
859000  16000
890000  31000
906000  16000
921000  15000
937000  16000
968000  31000
984000  16000

