Group-A
115.93,2
115.83,5
115.56,3
115.53,1
-------------
TotalWeight:12
-------------
Group-B
113.50,3
112.95,1
112.85,2
-------------
TotalWeight:6
-------------    

FloorLevels[   
[175.24,8]
[147.85,6]
[144.13,8]
[130.44,6]
[127.79,8]
[127.42,5]
[120.94,6]
[120.22,5]
[118.10,3]
[116.73,2]
[116.23,1]
[115.93,2]
[115.83,5]
[115.56,3]
[115.53,1]
[114.79,2]
[114.59,1]
[113.99,2]
[113.89,1]
[113.50,3]
[112.95,1]
[112.85,2]
[112.25,1]
[112.05,2]
[111.31,1]
[110.97,3]
[110.91,2]
[110.87,4]
[108.91,3]
[108.64,5]
[106.37,3]
[104.31,3]
[104.25,5]
[103.53,6]
[99.42,7]
[97.05,5]
[96.68,8]
[94.03,6]
[92.66,5]
[80.34,8]
[76.62,6]
[67.12,6]
[49.23,8]
[32.89,8]
]

