1, 2, 3, 4, 5, 0,0,0,0,0,0,0,0,0,0,0,0,0,0,0,0, img_id.jpg, -50
1, 2, 3, 4, 5, 0,0,0,0,0,0,0,0,0, img_id.jpg, -50
1, 2, 3, 4, 5, 0,0,0,0,0,0,0,0,0,0,0,0,0,0,0,0, img_id.jpg, -50
1, 2, 3, 4, 5, 0,0,0,0,0,0,0,0,0,0,0,0,0,0,0,0, img_id.jpg, -50
1, 2, 3, 4, 5, 0,0,0,0,0,0,0,0,0,0,0,0,0,0,0,0, img_id.jpg, -50
1, 2, 3, 4, 5, 0,0,0,0,0,0,0,0,0,0,0,0,0,0,0,0, img_id.jpg, -50
1, 2, 3, 4, 5, 0,0,0,0,0,0,0,0,0,0,0,0,0,0,0,0, img_id.jpg, -50
1, 2, 3, 4, 5, 0,0,0,0,0,0,0,0,0,0,0,0,0,0,0,0, img_id.jpg, -50
1, 2, 3, 4, 5, 0,0,0,0,0,0, img_id.jpg, -50
1, 2, 3, 4, 5, 0,0,0,0,0,0,0,0,0,0,0 img_id.jpg, -50

