2011/01/01 13:13:13,<AB>, Some Certain Text,=,
[    
certain text
         [
                  0: 0 0 0 0 0 0 0 0 
                  8: 0 0 0 0 0 0 0 0 
                 16: 0 0 0 9 343 3938 9433 8756 
                 24: 6270 4472 3182 2503 1768 1140 836 496 
                 32: 326 273 349 269 144 121 94 82 
                 40: 64 80 66 59 56 47 50 46 
                 48: 64 35 42 53 42 40 41 34 
                 56: 35 41 39 39 47 30 30 39 
                 Total count: 12345
        ]
    certain text
]
some text
2011/01/01 14:14:14,<AB>, Some Certain Text,=,
[
 certain text
   [
              0: 0 0 0 0 0 0 0 0 
              8: 0 0 0 0 0 0 0 0 
             16: 0 0 0 4 212 3079 8890 8941 
             24: 6177 4359 3625 2420 1639 974 594 438 
             32: 323 286 318 296 206 132 96 85 
             40: 65 73 62 53 47 55 49 52 
             48: 29 44 44 41 43 36 50 36 
             56: 40 30 29 40 35 30 25 31 
             64: 47 31 25 29 24 30 35 31 
             72: 28 31 17 37 35 30 20 33 
             80: 28 20 37 25 21 23 25 36 
             88: 27 35 22 23 15 24 34 28
             Total count: 123456 
    ]
    certain text
some text
]

