testMap.GetLength(0)

testMap.GetLength(1)

#testmap

`local testMap = {
{ 1, 1, 1, 1, 1, 1, 1, 1, 1, 1, 1, 1 },
{ 1, 0, 0, 0, 0, 0, 1, 0, 0, 0, 0, 1 },
{ 1, 0, 1, 0, 1, 0, 1, 0, 0, 0, 0, 1 },
{ 1, 0, 1, 0, 0, 0, 1, 0, 0, 0, 0, 1 },
{ 1, 0, 0, 1, 1, 0, 0, 0, 0, 0, 0, 1 },
{ 1, 0, 0, 0, 0, 0, 0, 0, 0, 0, 0, 1 },
{ 1, 1, 1, 1, 1, 0, 1, 1, 1, 1, 1, 1 },
{ 1, 0, 0, 0, 1, 0, 1, 0, 0, 0, 0, 1 },
{ 1, 0, 0, 0, 0, 0, 0, 0, 0, 0, 0, 1 },
{ 1, 1, 1, 1, 1, 0, 1, 1, 1, 1, 1, 1 },
{ 1, 1, 1, 1, 1, 0, 1, 1, 1, 1, 1, 1 },
{ 1, 0, 0, 0, 1, 0, 1, 0, 0, 0, 0, 1 },
{ 1, 0, 0, 0, 0, 0, 0, 0, 0, 0, 0, 1 },
{ 1, 0, 1, 0, 1, 1, 1, 1, 0, 0, 1, 1 },
{ 1, 0, 1, 0, 1, 0, 1, 1, 0, 0, 1, 1 },
{ 1, 0, 0, 0, 1, 0, 1, 0, 0, 0, 0, 1 },
{ 1, 0, 0, 0, 0, 0, 0, 0, 0, 0, 0, 1 },
{ 1, 1, 1, 1, 1, 1, 1, 1, 1, 1, 0, 1 },
{ 1, 1, 1, 1, 1, 1, 1, 1, 1, 1, 0, 1 },
{ 1, 0, 1, 1, 1, 1, 1, 0, 0, 0, 0, 1 },
{ 1, 0, 0, 0, 0, 0, 0, 0, 0, 0, 0, 1 },
{ 1, 1, 1, 1, 1, 1, 1, 1, 1, 1, 1, 1 }
};`

