  118    2   AA      4.25     30.25  1  
  119    2   AA      4.50     30.25  2  
  120    2   AA      4.75     30.25  3  
  121    2   AA      5.00     30.25  4  
  122    2   AA      5.25     30.25  5  
  123    2   AA      5.50     30.25  6    
  124    2   AA      5.75     30.25  7   
  125    2   AA      6.00     30.25  8    
  126    2   AA      6.25     30.25  9  

  179    1   BB     19.75     30.00  1  
  180    1   BB     19.75     30.00  2  
  230    1   BB     32.25     30.00  3   
  231    1   BB     32.50     30.00  4      
  232    1   BB     32.75     30.00  5   
  118    2   AA      4.25     30.25  6   
  119    2   AA      4.50     30.25  7  
  120    2   AA      5.00     30.25  8   
  121    2   AA      5.00     30.25  9   

  118    2   AA      4.25     30.25  7    
  119    2   AA      4.50     30.25  9    
  120    2   AA      4.75     30.25  11    
  121    2   AA      5.00     30.25  13    
  122    2   AA      5.25     30.25  5  
  123    2   AA      5.50     30.25  6    
  124    2   AA      5.75     30.25  7   
  125    2   AA      6.00     30.25  8    
  126    2   AA      6.25     30.25  9  
  179    1   BB     19.50     30.00  1    
  180    1   BB     19.75     30.00  2  
  230    1   BB     32.25     30.00  3   
  231    1   BB     32.50     30.00  4      
  232    1   BB     32.75     30.00  5   

