193548
401125
401275

193548      1199687744  5698758206701808640
193548      1216464960  5698758206761818112
193548      1216464960  5698758206778417152
193548      4236691520  5698758206778945280
401125      2138607488  5698762375908890880
401125       863932288  5698762375909423360
401125      3884158848  5698762375910044160
401125      2609483648  5698762375911032320

awk '
FNR==NR {
    hash[$1]
    next
}
$1 in hash {
    print $2,'\t',$3 >> "ecast_print_"$1;
}' hash_only.txt final_output.txt

1133254688 5698771509078629376
1150031904 5698771509371165696
1150031904 5698771510035551232
4170258464 5698771510036082688
2895583264 5698771510036715520
1620908064 5698771510037202176
346232864 5698771510037665280
3366459424 5698771510038193664
2091784224 5698771510332259072
817109024 5698771510332816128
3837335584 5698771510333344512
2562660384 5698771510339882240

