awk 'BEGIN {k=NR;}{printf("%s %s %s %s\n",$k,$(k+1),$(k+2),$(k+3))}' auth_data

6262 6530 6661 3162 6364 6264 6561 3430 3033 3332 6536 3139 6230 6261 61
30 3637 0A00 0000 0000 0000 0000 0000 0000 0000 0000 0000 0000 0000 0000
0000 0000 0000 

6262 6530 6661 3162 6364 6264 6561 3430 3033 3332 6536 3139 6230 6261 6130
3637 0A00 0000 0000 0000 0000 0000 0000 0000 0000 0000 0000 0000 0000 0000
0000 0000  6262 6530 6661

  6262 6530 6661 3162 6364 6264 6561 3430
  3033 3332 6536 3139 6230 6261 6130 3637 
  0A00 0000 0000 0000 0000 0000 0000 0000
  0000 0000 0000 0000 0000 0000 0000 0000 

