0000380000000101
0000650000000201
0000650000000301
0000650000000401
0001000000000101
0001000000000201

000065 0000000201 0000000301 0000000401  
000100 0000000101 0000000201

0000000000000101
0000000000000201
0000000000000301
0000000000000401
0000380000000101
0000650000000201
0000650000000301
0000650000000401
0001000000000101
0001000000000201
0001000000000301
0001000000000401
0038d30000000101
00652e0000000201
00652e0000000301
00652e0000000401
008d750000000101
008d750000000201
008d750000000301
008d750000000401
0100010000000101
0100010000000201
0100010000000301
0100010000000401
01008d0000000101
01008d0000000201
01008d0000000301
01008d0000000401
01a8c00000000101
01a8c00000000201
01a8c00000000301
01a8c00000000401
0264010000000101
0264010000000201
0264010000000301
0264010000000401
0615df0000000101
0615df0000000201
0615df0000000301
0615df0000000401
07dd940000000101
07dd940000000201
07dd940000000301
07dd940000000401
0900000000000101
0900000000000201
0900000000000301
0900000000000401
15dfc70000000101
15dfc70000000201
15dfc70000000301
15dfc70000000401
1ecf090000000101

