netcat
hexdump
netcat -l -p 1234 | hexdump -C

00000000  50 00 00 00 00 00 00 00  00 00 00 00 00 00 00 00  |P...............|
00000010  00 50 00 00 00 00 00 00  00 00 00 00 00 00 00 00  |.P..............|
00000020  00 00 50 00 00 00 00 00  00 00 00 00 00 00 00 00  |..P.............|

50 00 00 00 00 00 00 00  00 00 00 00 00 00 00 00  |P...............|
00                                                |.               |
50 00 00 00 00 00 00 00  00 00 00 00 00 00 00 00  |P...............|
00                                                |.               |
50 00 00 00 00 00 00 00  00 00 00 00 00 00 00 00  |P...............|
00                                                |.               |

-n
watch -d
