f xs = 
  foldr (\a@(y,x) ((b@(y',x'):xs):bs) -> if (y == y' && abs (x-x') == 1) || 
                                            (x == x' && abs (y-y') == 1)
                                            then (a:b:xs):bs 
                                            else [a]:(b:xs):bs) 
                                            [[last xs]] (init xs)

*Main> f [(0,1),(1,1),(2,1),(2,2),(2,3),(1,3),(0,3),(4,1),(4,2)]
[[(0,1),(1,1),(2,1),(2,2),(2,3),(1,3),(0,3)],[(4,1),(4,2)]]

[(0,1),(0,3),(1,1),(1,3),(2,0),(2,1),(2,3),(4,1),(4,2)]

[(0,1),(1,1),(2,0),(2,1),(0,3),(1,3),(2,3),(4,1),(4,2)]

[(0,1),(0,3),(1,1),(1,3),(2,1),(2,2),(2,3),(4,1),(4,2)] 
=>
[(0,1),(1,1),(2,1),(2,2),(2,3),(1,3),(0,3),(4,1),(4,2)]

