WHEN (@IntGLAcct In (
    882001, 882025, 83000154, 83000155, 83000120, 83000130, 
    83000140, 83000157, 83000010, 83000159, 83000160, 83000161,
83000162, 83000011, 83000166, 83000168, 83000169, 82504000, 
82504003, 82504005, 82504008, 82504029, 82530003, 82530004,
83000000, 83000100, 83000101, 83000102, 83000103, 83000104, 
83000105, 83000106, 83000107, 83000108, 83000109, 83000110, 
83000111, 83000112, 83000113, 83100005, 83100010, 83100015, 
82518001, 82552004, 884424,   82550072, 82552000, 82552001, 
82552002, 82552003, 82552005, 82552012, 82552015, 884433,   
884450,   884501,   82504025, 82508010, 82508011, 82508012,
83016003, 82552014, 81000021, 80002222, 82506001, 82506005, 
82532001, 82550000, 82500009, 82532000))

Select Case IntGLAcct = 882001 OR IntGLAcct = 882025 OR ...

({90605, 90607, 90610} AS List(Of Integer)).Contains(IntGLAcct)
