Employee_ID    Purchase ID   Amount 
    1           0123456       100
    1           012356        560
    1           012446        560
    1           012126        560
    2           011122        100
    2           051122        200

Employee ID    Purchase ID    Total Amount
-----------------------------------------
    1           012345           1780
                012346         
                012446 
                012126         
    2           011122           3000
                051122                      

