#LEVEL_ONE#
0,0,0,0,0,0,0,0,0
0,1,1,1,1,1,1,1,0
0,1,1,1,1,1,1,1,0
0,1,1,1,1,1,1,1,0
0,1,1,1,1,1,1,1,0
0,1,1,1,1,1,1,1,0
0,1,1,1,1,1,1,1,0
0,1,1,1,1,1,1,1,0
0,1,1,1,1,1,1,1,0
0,1,1,1,1,1,1,1,0
0,1,1,1,1,1,1,1,0
0,1,1,1,1,1,1,1,0
0,1,1,1,1,1,1,1,0
0,1,1,1,1,1,1,1,0
0,1,1,1,1,1,1,1,0
0,1,1,1,1,1,1,1,0
0,0,0,0,0,0,0,0,0
#LEVEL_TWO#
1,0,0,0,0,0,0,0,1
1,1,1,1,1,1,1,1,1
1,1,1,1,1,1,1,1,1
1,1,1,1,1,1,1,1,1
1,1,1,1,1,1,1,1,1
0,1,1,1,1,1,1,1,0
1,1,1,1,1,1,1,1,1
0,1,1,1,1,1,1,1,0
1,1,1,1,1,1,1,1,1
0,1,1,1,1,1,1,1,0
1,1,1,1,1,1,1,1,1
0,1,1,1,1,1,1,1,0
1,1,1,1,1,1,1,1,1
1,1,1,1,1,1,1,1,1
1,1,1,1,1,1,1,1,1
1,1,1,1,1,1,1,1,1
1,0,0,0,0,0,0,0,1

int gameLevel[17][9] = {
  { 0,0,0,0,0,0,0,0,0 },
  { 0,1,1,1,1,1,1,1,0 },
  { 0,1,1,1,1,1,1,1,0 },
  { 0,1,1,1,1,1,1,1,0 },
  { 0,1,1,1,1,1,1,1,0 },
  { 0,1,1,1,1,1,1,1,0 },
  { 0,1,1,1,1,1,1,1,0 },
  { 0,1,1,1,1,1,1,1,0 },
  { 0,1,1,1,1,1,1,1,0 },
  { 0,1,1,1,1,1,1,1,0 },
  { 0,1,1,1,1,1,1,1,0 },
  { 0,1,1,1,1,1,1,1,0 },
  { 0,1,1,1,1,1,1,1,0 },
  { 0,1,1,1,1,1,1,1,0 },
  { 0,1,1,1,1,1,1,1,0 },
  { 0,1,1,1,1,1,1,1,0 },
  { 0,0,0,0,0,0,0,0,0 }
};

for (int row=0; row < 17; row++)
{
  for (int col=0; col < 9; col++)
  {
    thisBrickValue = gameLevel[row][col];
    xOffset = 35 * floor(col);
    yOffset = 22 * floor(row);

    switch (thisBrickValue)
    {
      case 0: brick = [[CCSprite spriteWithFile:@"block0.png"] autorelease]; break;
      case 1: brick = [[CCSprite spriteWithFile:@"block1.png"] autorelease]; break;
    }
    brick.position = ccp(xOffset, yOffset);
    [self addChild:brick];
  }
}

